Hyperparameters
log_dir: /logs
data_path: ../../data/processed/ERA5
epochs: 50
lr: 0.001
batch_size: 1
input_channels: 3
hidden_channels: 16
output_channels: 2
hidden_layers: 2
method: rk4
step_size: 1


History
train_loss: [0.0, 1.0264772176742554, 0.9635570049285889, 0.93587327003479, 0.9101667404174805, 0.8931206464767456, 0.8685742616653442, 0.8466277122497559, 0.8219689130783081, 0.78532874584198, 0.727262020111084, 0.6420164108276367, 0.5359206199645996, 0.43989405035972595, 0.3793560862541199, 0.34706437587738037, 0.33394739031791687, 0.3355088233947754, 0.314162939786911, 0.29019472002983093, 0.27855902910232544, 0.27468764781951904, 0.2731591761112213, 0.26815634965896606, 0.2631073594093323, 0.2594706416130066, 0.25688061118125916, 0.2550792098045349, 0.2537444233894348, 0.25280922651290894, 0.25233787298202515, 0.25220638513565063, 0.2539489269256592, 0.25501585006713867, 0.256657212972641, 0.2584007978439331, 0.26015719771385193, 0.2615451216697693, 0.262471079826355, 0.26273423433303833, 0.2629110813140869, 0.26284757256507874, 0.26239657402038574, 0.2625388503074646, 0.26275938749313354, 0.26274973154067993, 0.2630627751350403, 0.2632405161857605, 0.2631685733795166, 0.26366400718688965]
val_loss: [1.1500473022460938, 1.01478910446167, 0.9605193138122559, 0.9337071180343628, 0.9158782362937927, 0.9011311531066895, 0.8766157627105713, 0.8553034663200378, 0.8332353830337524, 0.7982388734817505, 0.7418867945671082, 0.6638853549957275, 0.5741072297096252, 0.5127536058425903, 0.47512897849082947, 0.4477773606777191, 0.4207746386528015, 0.4060402810573578, 0.3976377844810486, 0.3768526315689087, 0.3625187873840332, 0.35053834319114685, 0.34128981828689575, 0.3316798210144043, 0.32076624035835266, 0.3099374771118164, 0.29934626817703247, 0.28894609212875366, 0.2786813974380493, 0.26836633682250977, 0.25842100381851196, 0.24870601296424866, 0.23964151740074158, 0.23133251070976257, 0.22337207198143005, 0.21601465344429016, 0.209406778216362, 0.2035636156797409, 0.19846579432487488, 0.1938425749540329, 0.19009022414684296, 0.18655399978160858, 0.1829574555158615, 0.1804112046957016, 0.1782664656639099, 0.176136314868927, 0.17469334602355957, 0.17334550619125366, 0.1719783991575241, 0.17161795496940613]


Test accuracy: 0.24048536270856857
